Missing Query in the complex ranker: 440

170512 1
169522 2
167625 3
171838 4
172382 5
172033 6
168932 7
170524 8
167108 9
170648 10
167335 11
171154 12
166982 13
172023 14
119724 15
167666 16
171625 17
168253 18
171408 19
169827 20
173005 21
171235 22
173246 23
169368 24
169341 25
172924 26
171983 27
172457 28
171715 29
168469 30
172693 31
170464 32
167781 33
167029 34
168647 35
166899 36
168646 37
170846 38
170926 39
167711 40
173228 41
173798 42
168063 43
173302 44
172762 45
170867 46
172786 47
170769 48
173777 49
171208 50
170804 51
167245 52
166884 53
171005 54
172631 55
168828 56
173631 57
171328 58
168363 59
171227 60
172372 61
171903 62
173412 63
171656 64
170455 65
169154 66
171465 67
173657 68
167529 69
172822 70
170689 71
167307 72
168419 73
171184 74
167016 75
171554 76
173400 77
173778 78
171517 79
172681 80
171067 81
170653 82
170675 83
167680 84
172717 85
169008 86
172190 87
173411 88
168902 89
172135 90
167584 91
168016 92
168955 93
171506 94
173680 95
170766 96
173655 97
170282 98
169917 99
171694 100
167051 101
171545 102
172305 103
171648 104
169354 105
171348 106
169763 107
171269 108
173448 109
169216 110
168507 111
170107 112
170023 113
173503 114
167434 115
167256 116
173647 117
170567 118
170817 119
172547 120
170082 121
167449 122
171725 123
167422 124
172211 125
167685 126
170767 127
173756 128
172191 129
170977 130
173021 131
171995 132
173087 133
168415 134
167360 135
170848 136
173709 137
173276 138
171620 139
167231 140
172729 141
170731 142
172187 143
170554 144
170893 145
170617 146
171108 147
172223 148
173028 149
167096 150
173466 151
168568 152
171090 153
169123 154
169171 155
173300 156
171251 157
170614 158
173141 159
172408 160
170396 161
171897 162
171606 163
170483 164
169797 165
167337 166
172124 167
169488 168
168314 169
173253 170
172482 171
172699 172
169666 173
171964 174
168177 175
167706 176
171055 177
173519 178
172495 179
172291 180
173523 181
173792 182
170988 183
170101 184
170665 185
169501 186
168551 187
166942 188
173656 189
169055 190
171498 191
167501 192
173636 193
173516 194
169755 195
167167 196
172277 197
166931 198
172562 199
169852 200
173574 201
171948 202
169841 203
173422 204
172706 205
167074 206
172807 207
170089 208
172266 209
172582 210
167469 211
171475 212
173323 213
172148 214
171880 215
172152 216
170117 217
171178 218
168667 219
173176 220
172764 221
168957 222
173573 223
170598 224
172937 225
168692 226
169239 227
171770 228
167077 229
171486 230
172353 231
172735 232
169844 233
170565 234
173392 235
173358 236
167810 237
171277 238
171162 239
173415 240
170864 241
173130 242
170271 243
172636 244
172512 245
172306 246
167971 247
170475 248
172790 249
168356 250
173579 251
172623 252
167699 253
170180 254
167199 255
173103 256
173145 257
171981 258
172051 259
173775 260
170750 261
170872 262
173527 263
169543 264
170324 265
173320 266
169868 267
173784 268
173410 269
169034 270
171526 271
86951 272
167578 273
172899 274
167099 275
172123 276
171387 277
167627 278
172688 279
167946 280
173542 281
173291 282
169270 283
168310 284
172111 285
166997 286
169813 287
168975 288
168540 289
166912 290
172679 291
169953 292
90858 293
173540 294
167015 295
170833 296
173003 297
167132 298
173125 299
171750 300
172054 301
173630 302
170425 303
170956 304
172183 305
172144 306
172345 307
168146 308
172193 309
172198 310
167166 311
167683 312
170935 313
170440 314
172654 315
168966 316
168296 317
167510 318
172586 319
168950 320
171268 321
171858 322
173577 323
170395 324
169954 325
167001 326
171922 327
170991 328
172085 329
173101 330
172143 331
171170 332
173469 333
172027 334
172174 335
172282 336
170940 337
172707 338
172974 339
171045 340
170122 341
172510 342
169538 343
167675 344
172868 345
173295 346
169203 347
171971 348
168634 349
173767 350
168350 351
170096 352
167587 353
173674 354
169564 355
172564 356
173142 357
171980 358
172687 359
167289 360
168237 361
173226 362
168916 363
173688 364
170340 365
173301 366
172325 367
172318 368
170853 369
170616 370
169853 371
172150 372
170611 373
173603 374
172181 375
170314 376
173126 377
170120 378
172312 379
170930 380
169384 381
172427 382
172445 383
169744 384
171041 385
172118 386
172320 387
172389 388
166908 389
167809 390
173591 391
167059 392
170158 393
170608 394
171461 395
171920 396
172158 397
173589 398
173298 399
173501 400
170929 401
173124 402
173222 403
170378 404
119261 405
171143 406
172632 407
170982 408
173548 409
170748 410
171417 411
173363 412
172848 413
169883 414
173482 415
167078 416
172928 417
170131 418
171662 419
172912 420
173672 421
168910 422
169765 423
171949 424
171667 425
171518 426
169452 427
167048 428
172860 429
169225 430
172674 431
172661 432
172607 433
173716 434
167362 435
170825 436
170607 437
168962 438
170703 439
172207 440
57287

Process finished with exit code 1
